ID,ส่วนสูง_cm,น้ำหนัก_kg
1,165,60
2,170,75
3,158,52
4,175,80
5,160,55
6,180,85
7,163,58
8,168,65
9,155,50
10,172,70
11,166,62
12,173,78
13,159,53
14,178,82
15,161,56
16,182,88
17,164,59
18,169,68
19,156,51
20,174,72
21,167,63
22,171,76
23,157,54
24,176,81
25,162,57
26,179,84
27,165,61
28,170,74
29,158,52
30,175,79
31,160,55
32,180,86
33,163,58
34,168,66
35,155,49
36,172,71
37,166,64
38,173,77
39,159,53
40,178,83
41,161,56
42,182,87
43,164,60
44,169,67
45,156,50
46,174,73
47,167,62
48,171,75
49,157,54
50,176,80
